10000 2
4
42
47
49
71
74
78
80
84
91
92
105
112
123
127
130
148
153
196
199
227
228
256
274
280
294
300
314
315
317
319
320
324
325
332
339
341
352
359
365
377
393
398
399
401
408
414
416
429
455
475
482
489
499
531
533
534
539
567
597
599
607
614
615
626
630
655
661
687
705
708
714
724
726
752
768
773
786
787
805
826
837
847
849
862
863
869
908
914
926
948
951
967
979
981
1014
1034
1041
1049
1052
1068
1074
1086
1094
1097
1105
1117
1122
1143
1144
1145
1154
1207
1209
1256
1262
1301
1311
1320
1375
1390
1392
1412
1433
1435
1442
1448
1450
1453
1494
1509
1527
1562
1563
1569
1593
1598
1600
1602
1624
1630
1657
1662
1697
1698
1705
1715
1716
1721
1728
1749
1757
1771
1779
1785
1787
1788
1801
1802
1832
1833
1838
1844
1849
1857
1869
1885
1886
1888
1889
1893
1903
1917
1939
1942
1952
1953
1963
1977
1979
1990
2013
2020
2021
2026
2037
2051
2052
2081
2090
2092
2098
2108
2112
2129
2138
2148
2178
2186
2187
2203
2205
2208
2209
2223
2243
2245
2259
2265
2280
2295
2304
2308
2324
2383
2395
2398
2406
2420
2442
2445
2450
2456
2465
2466
2473
2505
2507
2537
2545
2550
2558
2560
2615
2620
2621
2630
2632
2648
2655
2656
2658
2661
2686
2687
2688
2695
2714
2718
2725
2726
2731
2733
2735
2755
2760
2767
2772
2773
2779
2780
2782
2785
2803
2809
2810
2824
2827
2832
2834
2835
2841
2843
2846
2856
2864
2876
2901
2904
2905
2907
2918
2936
2937
2938
2941
2954
2957
2984
3003
3004
3007
3008
3014
3026
3037
3065
3073
3075
3082
3085
3110
3119
3126
3146
3153
3161
3165
3168
3170
3171
3175
3177
3181
3193
3203
3227
3264
3266
3276
3278
3281
3292
3306
3336
3345
3350
3358
3377
3387
3398
3416
3421
3445
3462
3465
3467
3477
3486
3497
3499
3521
3524
3528
3537
3547
3568
3572
3607
3620
3621
3629
3637
3645
3659
3667
3677
3706
3707
3721
3729
3730
3751
3787
3792
3818
3822
3830
3832
3841
3847
3848
3849
3873
3894
3922
3926
3932
3941
3942
3949
3951
3961
3967
3974
3985
3990
4008
4012
4022
4046
4053
4064
4069
4072
4080
4096
4097
4106
4111
4126
4148
4160
4161
4187
4190
4203
4207
4226
4235
4238
4239
4251
4263
4264
4274
4278
4299
4300
4304
4308
4309
4310
4348
4355
4366
4375
4381
4386
4392
4401
4408
4410
4416
4430
4436
4440
4441
4449
4466
4490
4494
4510
4535
4554
4562
4563
4565
4574
4575
4598
4620
4622
4626
4629
4641
4651
4657
4677
4697
4707
4723
4727
4732
4747
4749
4779
4801
4809
4810
4828
4844
4845
4868
4874
4878
4880
4885
4910
4914
4920
4939
4942
4947
4964
4973
4985
4995
4997
5004
5006
5010
5027
5036
5040
5067
5086
5087
5095
5103
5111
5129
5131
5133
5154
5158
5168
5189
5205
5210
5211
5218
5226
5230
5236
5237
5243
5268
5306
5324
5330
5337
5351
5374
5377
5378
5379
5381
5384
5393
5411
5413
5431
5433
5437
5455
5458
5459
5466
5481
5483
5493
5502
5525
5562
5578
5582
5584
5587
5599
5606
5628
5629
5636
5686
5708
5730
5750
5752
5770
5773
5785
5786
5789
5790
5803
5810
5811
5813
5815
5849
5850
5854
5859
5863
5882
5887
5904
5908
5913
5926
5933
5937
5955
5957
5972
5975
5977
6011
6034
6035
6040
6041
6043
6057
6065
6106
6114
6130
6153
6170
6205
6213
6222
6240
6243
6252
6268
6274
6280
6335
6356
6359
6361
6397
6408
6429
6460
6471
6474
6480
6493
6506
6507
6519
6558
6560
6562
6571
6573
6580
6585
6597
6599
6620
6622
6623
6643
6644
6661
6670
6679
6695
6701
6707
6710
6719
6724
6735
6737
6757
6759
6763
6769
6824
6834
6835
6853
6857
6859
6875
6878
6890
6895
6900
6931
6945
6949
6950
6956
6971
6981
6985
6997
7001
7003
7012
7016
7038
7046
7047
7050
7059
7067
7068
7088
7099
7100
7113
7118
7120
7146
7158
7171
7187
7192
7215
7224
7229
7234
7250
7254
7259
7261
7270
7278
7291
7292
7303
7304
7319
7331
7343
7353
7364
7387
7402
7411
7415
7416
7427
7452
7454
7469
7489
7498
7521
7524
7526
7543
7561
7563
7566
7576
7590
7610
7638
7652
7668
7674
7676
7682
7686
7729
7732
7748
7749
7754
7762
7770
7777
7800
7806
7807
7813
7816
7818
7824
7825
7835
7837
7846
7851
7881
7883
7886
7912
7915
7916
7933
7938
7942
7955
7974
7985
7987
7990
8000
8001
8003
8018
8030
8031
8036
8038
8044
8051
8063
8070
8076
8088
8092
8102
8106
8114
8115
8118
8119
8120
8121
8129
8131
8145
8148
8161
8167
8169
8195
8201
8215
8227
8233
8238
8267
8278
8279
8324
8328
8335
8340
8354
8367
8371
8381
8393
8408
8410
8422
8442
8443
8447
8449
8467
8486
8490
8491
8508
8516
8519
8520
8572
8580
8593
8594
8599
8606
8625
8638
8642
8652
8664
8665
8672
8685
8686
8688
8711
8720
8728
8736
8737
8742
8749
8762
8763
8772
8774
8786
8788
8796
8800
8809
8814
8816
8818
8831
8838
8854
8863
8866
8870
8871
8873
8881
8885
8889
8894
8909
8915
8917
8926
8940
8948
8949
8950
8960
8969
8974
8980
8983
8988
9002
9006
9015
9016
9020
9030
9043
9046
9049
9051
9054
9066
9070
9071
9076
9081
9092
9101
9106
9112
9116
9119
9126
9133
9152
9167
9168
9174
9176
9188
9192
9215
9228
9231
9232
9234
9236
9240
9245
9252
9255
9267
9294
9303
9312
9338
9355
9366
9395
9399
9401
9409
9449
9457
9477
9478
9493
9499
9512
9515
9516
9527
9546
9556
9565
9595
9601
9602
9603
9608
9610
9614
9615
9619
9643
9648
9653
9671
9673
9674
9688
9693
9706
9727
9736
9740
9744
9752
9772
9782
9798
9808
9821
9825
9833
9839
9844
9870
9874
9875
9885
9892
9893
9916
9922
9924
9927
9930
9933
9942
9946
9964
9976
9978
9983
9988
9990
9992
9999
10033
10041
10053
10062
10083
10090
10133
10136
10138
10167
10194
10202
10220
10240
10241
10257
10263
10287
10288
10296
10348
10349
10351
10353
10357
10359
10376
10379
10380
10393
10425
10435
10440
10451
10453
10456
10464
10466
10477
10479
10488
10503
10532
10534
10535
10551
10564
10582
10589
10591
10600
10607
10611
10636
10643
10647
10658
10663
10665
10667
10682
10696
10699
10700
10709
10732
10741
10753
10757
10771
10793
10801
10802
10819
10826
10830
10832
10837
10841
10845
10850
10851
10860
10872
10873
10874
10875
10884
10900
10927
10943
10955
10960
10982
10989
11032
11047
11051
11058
11093
11105
11115
11139
11144
11145
11157
11166
11168
11171
11174
11175
11176
11178
11196
11200
11213
11221
11224
11229
11236
11237
11241
11271
11291
11312
11313
11317
11319
11320
11336
11340
11341
11371
11372
11379
11392
11393
11396
11405
11422
11435
11441
11442
11448
11480
11486
11495
11503
11513
11514
11519
11530
11537
11543
11544
11562
11571
11574
11586
11612
11614
11631
11639
11640
11657
11670
11673
11676
11677
11685
11701
11706
11709
11710
11715
11719
11720
11722
11731
11739
11764
11766
11790
11807
11810
11844
11846
11860
11864
11870
11877
11878
11892
11894
11901
11908
11914
11927
11949
11950
11952
11989
11992
11996
12009
12015
12017
12037
12043
12046
12051
12052
12061
12063
12064
12068
12073
12088
12092
12096
12107
12110
12111
12124
12138
12148
12155
12158
12180
12191
12194
12196
12200
12208
12230
12231
12237
12241
12256
12260
12289
12301
12319
12322
12323
12329
12335
12353
12368
12374
12420
12446
12462
12463
12473
12487
12498
12509
12534
12535
12538
12549
12562
12565
12574
12575
12581
12587
12640
12660
12664
12674
12689
12699
12706
12725
12738
12741
12743
12750
12771
12772
12774
12788
12800
12803
12835
12844
12863
12865
12870
12894
12914
12917
12923
12927
12928
12929
12937
12943
12945
12965
12975
12979
12995
12999
13009
13036
13040
13047
13053
13097
13104
13107
13111
13114
13133
13137
13147
13148
13154
13165
13176
13186
13189
13194
13207
13208
13220
13232
13234
13237
13259
13262
13285
13287
13299
13310
13312
13313
13326
13336
13338
13353
13357
13360
13361
13375
13382
13385
13397
13416
13434
13443
13454
13459
13463
13464
13470
13472
13479
13483
13490
13493
13499
13511
13596
13616
13617
13652
13660
13665
13674
13684
13706
13708
13729
13742
13745
13746
13749
13763
13799
13819
13867
13874
13881
13883
13885
13887
13903
13914
13917
13920
13942
13951
13965
13966
13972
14003
14015
14033
14040
14048
14051
14052
14056
14070
14071
14081
14093
14117
14127
14133
14136
14155
14159
14163
14167
14188
14196
14202
14209
14219
14226
14235
14243
14245
14264
14271
14281
14304
14331
14335
14359
14376
14385
14409
14410
14415
14436
14446
14462
14464
14468
14473
14498
14499
14508
14532
14534
14535
14543
14563
14564
14572
14593
14616
14653
14659
14660
14676
14678
14702
14707
14711
14717
14761
14766
14767
14787
14796
14797
14806
14826
14830
14838
14846
14873
14882
14889
14891
14921
14922
14926
14930
14938
14951
14952
14954
14973
14988
14991
14992
15002
15013
15029
15047
15048
15056
15068
15077
15085
15098
15099
15100
15104
15105
15107
15111
15117
15122
15129
15135
15137
15144
15148
15165
15168
15174
15175
15211
15218
15225
15226
15229
15232
15262
15265
15267
15269
15273
15295
15300
15306
15308
15318
15320
15325
15339
15350
15358
15370
15388
15401
15403
15425
15447
15452
15463
15484
15486
15514
15534
15549
15564
15565
15566
15568
15570
15573
15587
15613
15615
15648
15656
15661
15670
15674
15676
15699
15717
15731
15732
15735
15741
15743
15776
15780
15788
15799
15806
15828
15829
15848
15859
15877
15888
15905
15908
15932
15933
15935
15948
15968
15979
15981
15984
15991
16001
16010
16023
16036
16037
16040
16044
16052
16061
16065
16066
16083
16086
16089
16099
16104
16105
16111
16129
16139
16160
16168
16171
16172
16180
16200
16201
16217
16228
16243
16249
16259
16263
16280
16281
16285
16312
16316
16317
16322
16334
16335
16342
16353
16360
16370
16378
16381
16396
16404
16413
16415
16424
16436
16443
16452
16453
16504
16522
16526
16528
16531
16536
16540
16545
16556
16562
16564
16581
16595
16600
16607
16608
16610
16618
16622
16625
16630
16631
16661
16672
16673
16707
16708
16719
16740
16763
16771
16778
16779
16782
16788
16793
16805
16816
16818
16824
16833
16838
16842
16845
16857
16880
16884
16893
16916
16925
16930
16942
16951
16955
16956
16965
16966
16971
16982
16995
17000
17004
17007
17018
17033
17063
17069
17080
17083
17086
17090
17105
17143
17146
17167
17181
17183
17184
17187
17189
17195
17199
17224
17234
17236
17259
17273
17277
17279
17282
17302
17313
17323
17341
17342
17356
17377
17386
17400
17403
17420
17432
17448
17464
17466
17467
17472
17474
17482
17487
17492
17494
17536
17572
17588
17603
17652
17662
17674
17683
17693
17696
17697
17788
17800
17801
17812
17816
17828
17835
17841
17855
17863
17865
17868
17889
17891
17895
17896
17906
17914
17938
17953
17963
17993
17997
18001
18009
18031
18035
18044
18067
18068
18072
18074
18077
18080
18104
18105
18113
18130
18131
18148
18149
18153
18158
18164
18178
18183
18188
18210
18212
18220
18223
18231
18234
18278
18281
18288
18299
18314
18317
18323
18330
18351
18353
18381
18387
18391
18395
18425
18426
18433
18448
18471
18474
18486
18504
18508
18511
18526
18532
18549
18552
18567
18568
18571
18583
18587
18588
18590
18600
18614
18616
18627
18629
18633
18667
18712
18721
18764
18781
18784
18800
18805
18819
18820
18823
18836
18837
18846
18857
18858
18882
18893
18897
18898
18929
18934
18982
18986
19030
19033
19066
19079
19091
19094
19097
19109
19117
19119
19127
19128
19147
19149
19155
19168
19181
19203
19206
19207
19217
19221
19228
19242
19288
19323
19333
19349
19352
19358
19373
19381
19382
19404
19405
19439
19453
19469
19498
19502
19504
19522
19525
19532
19540
19547
19558
19563
19580
19581
19595
19621
19623
19627
19629
19660
19681
19683
19687
19692
19698
19724
19733
19761
19771
19772
19789
19798
19799
19806
19826
19836
19848
19871
19877
19878
19879
19900
19912
19913
19929
19939
19941
19943
19945
19947
19958
19963
19969
19971
19975
19987
19988
20005
20006
20009
20045
20060
20063
20128
20135
20141
20145
20159
20176
20180
20192
20193
20197
20203
20208
20209
20220
20224
20235
20237
20242
20269
20273
20275
20288
20296
20299
20348
20352
20353
20354
20374
20382
20384
20388
20413
20419
20423
20445
20481
20484
20488
20489
20493
20504
20524
20547
20552
20569
20580
20583
20589
20590
20592
20606
20609
20611
20613
20622
20623
20624
20631
20633
20670
20673
20683
20691
20699
20702
20715
20732
20737
20738
20740
20768
20776
20777
20778
20786
20793
20798
20833
20838
20858
20861
20864
20899
20903
20907
20914
20919
20921
20931
20934
20940
20972
20987
20999
21003
21015
21020
21024
21025
21026
21040
21044
21046
21049
21051
21056
21057
21081
21095
21111
21132
21145
21163
21164
21194
21199
21204
21212
21228
21231
21242
21270
21285
21289
21300
21310
21320
21327
21341
21352
21353
21354
21369
21370
21397
21403
21405
21417
21418
21427
21447
21462
21465
21475
21478
21481
21498
21503
21506
21508
21518
21527
21531
21550
21559
21560
21574
21584
21585
21586
21606
21607
21640
21650
21651
21677
21686
21688
21689
21695
21712
21720
21728
21732
21739
21765
21766
21767
21779
21815
21825
21829
21848
21857
21858
21860
21870
21879
21880
21894
21919
21924
21925
21926
21930
21931
21947
21955
21966
21972
21996
22014
22024
22026
22064
22065
22066
22068
22070
22071
22072
22108
22123
22131
22162
22178
22182
22193
22202
22209
22214
22221
22232
22233
22234
22237
22242
22244
22247
22248
22249
22250
22252
22253
22256
22271
22275
22300
22320
22342
22364
22381
22399
22415
22418
22423
22436
22456
22465
22474
22495
22499
22510
22517
22530
22552
22562
22563
22567
22568
22580
22585
22588
22597
22599
22601
22606
22610
22618
22629
22653
22676
22681
22692
22699
22704
22740
22747
22752
22757
22762
22776
22780
22790
22793
22797
22806
22818
22821
22828
22836
22840
22843
22846
22856
22857
22858
22867
22871
22880
22883
22885
22888
22909
22912
22931
22949
22957
22968
22974
22989
22995
23031
23033
23040
23047
23059
23065
23067
23080
23112
23116
23119
23144
23150
23153
23166
23191
23201
23202
23203
23236
23239
23241
23245
23246
23257
23263
23265
23267
23272
23277
23287
23288
23314
23316
23325
23336
23338
23344
23345
23346
23348
23353
23368
23374
23377
23380
23381
23385
23410
23415
23416
23420
23421
23431
23438
23441
23443
23444
23459
23460
23476
23482
23490
23504
23515
23521
23530
23533
23544
23546
23561
23567
23569
23571
23581
23582
23590
23598
23607
23610
23616
23620
23623
23627
23630
23643
23647
23649
23674
23683
23695
23704
23705
23719
23723
23727
23729
23732
23733
23753
23757
23762
23767
23770
23778
23799
23811
23817
23823
23830
23834
23838
23852
23860
23863
23873
23875
23890
23896
23900
23909
23915
23916
23932
23944
23950
23957
23962
23977
23999
24015
24036
24045
24049
24050
24059
24060
24088
24101
24114
24123
24127
24140
24142
24149
24157
24174
24179
24189
24190
24207
24218
24219
24232
24241
24253
24259
24289
24311
24312
24314
24318
24323
24327
24346
24358
24365
24382
24388
24397
24399
24406
24420
24427
24436
24438
24459
24464
24476
24494
24507
24520
24527
24542
24551
24559
24563
24567
24568
24574
24584
24585
24591
24593
24600
24606
24616
24628
24637
24659
24664
24665
24666
24683
24701
24707
24727
24763
24780
24787
24795
24805
24812
24813
24815
24817
24830
24837
24846
24866
24867
24887
24888
24898
24899
24917
24918
24929
24930
24934
24954
24956
24962
24974
24975
25008
25021
25023
25027
25043
25055
25060
25067
25079
25094
25097
25104
25107
25119
25131
25132
25138
25158
25166
25169
25201
25212
25233
25241
25270
25281
25295
25298
25306
25307
25311
25331
25338
25343
25349
25352
25365
25371
25372
25377
25380
25386
25388
25392
25398
25399
25412
25418
25431
25451
25461
25466
25467
25475
25479
25481
25484
25508
25514
25519
25522
25531
25552
25554
25560
25561
25591
25592
25593
25595
25608
25614
25624
25638
25641
25649
25656
25659
25671
25675
25678
25686
25694
25695
25697
25713
25723
25724
25731
25733
25743
25773
25788
25798
25804
25828
25839
25858
25866
25870
25882
25890
25892
25907
25914
25926
25933
25976
25997
26001
26017
26023
26027
26038
26051
26055
26066
26077
26079
26101
26103
26110
26117
26118
26126
26135
26145
26156
26158
26176
26178
26181
26184
26206
26220
26224
26233
26234
26246
26248
26249
26252
26264
26267
26295
26308
26309
26324
26331
26343
26355
26367
26369
26381
26384
26393
26405
26406
26417
26422
26425
26426
26431
26465
26466
26471
26489
26498
26503
26513
26515
26526
26530
26559
26562
26566
26570
26575
26589
26590
26617
26626
26666
26678
26683
26702
26703
26712
26735
26738
26747
26752
26766
26800
26805
26817
26818
26824
26830
26855
26865
26883
26892
26895
26911
26921
26929
26933
26942
26943
26948
26955
26974
26979
26981
26992
27030
27034
27044
27056
27067
27078
27079
27119
27134
27158
27166
27176
27184
27195
27197
27200
27208
27211
27222
27233
27242
27258
27268
27272
27288
27302
27303
27327
27344
27370
27426
27433
27483
27510
27511
27514
27519
27521
27523
27530
27531
27544
27548
27556
27557
27567
27571
27575
27588
27594
27598
27617
27628
27643
27678
27689
27690
27708
27747
27752
27755
27767
27769
27792
27807
27812
27837
27855
27860
27861
27864
27865
27895
27923
27925
27926
27956
27957
27960
27987
27988
28004
28017
28027
28031
28032
28036
28061
28063
28071
28077
28080
28098
28101
28107
28120
28126
28147
28151
28161
28182
28190
28191
28200
28205
28221
28237
28252
28261
28275
28281
28297
28313
28322
28331
28332
28335
28336
28337
28343
28344
28351
28352
28355
28376
28388
28389
28401
28420
28431
28437
28441
28443
28459
28461
28465
28473
28476
28479
28484
28488
28503
28507
28512
28520
28530
28531
28539
28541
28546
28559
28564
28571
28576
28580
28581
28599
28606
28613
28624
28625
28661
28674
28680
28686
28697
28698
28705
28709
28721
28725
28741
28743
28749
28754
28757
28777
28789
28803
28808
28819
28840
28841
28852
28879
28900
28951
28960
28964
28969
28993
28994
29006
29035
29037
29043
29068
29092
29096
29099
29102
29103
29115
29130
29141
29182
29200
29206
29219
29229
29231
29236
29240
29249
29251
29264
29266
29281
29295
29300
29303
29309
29339
29345
29376
29385
29388
29393
29398
29406
29407
29408
29410
29422
29433
29444
29452
29456
29460
29462
29483
29484
29499
29518
29526
29532
29537
29542
29557
29586
29603
29609
29653
29668
29684
29690
29699
29713
29720
29728
29730
29741
29748
29754
29773
29782
29803
29804
29806
29814
29820
29822
29825
29842
29876
29884
29892
29908
29909
29922
29923
29957
29959
29967
29968
29973
29975
29987
30001
30024
30029
30037
30055
30056
30065
30071
30077
30105
30116
30129
30130
30135
30143
30144
30146
30153
30187
30188
30209
30255
30269
30270
30290
30298
30339
30351
30358
30361
30378
30390
30391
30397
30406
30415
30416
30438
30459
30460
30463
30477
30479
30499
30516
30521
30522
30533
30535
30537
30545
30564
30580
30593
30607
30610
30638
30661
30666
30675
30676
30677
30683
30686
30691
30706
30717
30719
30730
30732
30750
30775
30781
30783
30784
30785
30789
30809
30832
30845
30852
30875
30878
30887
30889
30900
30902
30924
30951
30956
30969
31007
31023
31038
31040
31046
31049
31052
31054
31094
31098
31104
31114
31132
31144
31161
31181
31189
31195
31202
31228
31232
31244
31270
31272
31273
31298
31310
31318
31320
31326
31328
31346
31356
31359
31372
31379
31384
31391
31392
31397
31400
31428
31429
31430
31434
31436
31442
31450
31457
31458
31460
31486
31495
31503
31505
31512
31514
31521
31525
31548
31553
31575
31584
31605
31612
31616
31629
31651
31652
31654
31663
31668
31679
31708
31724
31725
31733
31776
31777
31786
31794
31797
31798
31803
31806
31813
31826
31830
31839
31843
31861
31865
31870
31874
31876
31878
31879
31889
31890
31894
31897
31906
31922
31924
31926
31927
31936
31939
31942
31943
31950
31961
31963
31970
31982
32007
32010
32029
32044
32069
32070
32086
32111
32116
32129
32165
32183
32201
32206
32209
32214
32227
32230
32235
32244
32246
32250
32254
32268
32269
32277
32297
32298
32302
32313
32314
32326
32357
32364
32366
32379
32383
32403
32413
32414
32427
32442
32451
32466
32471
32476
32481
32496
32505
32506
32513
32527
32532
32534
32538
32539
32544
32548
32552
32569
32575
32577
32594
32605
32609
32653
32677
32704
32707
32735
32790
32792
32797
32811
32822
32823
32834
32839
32842
32844
32856
32874
32875
32883
32894
32900
32921
32937
32952
32963
32974
32981
32990
32997
33003
33035
33036
33041
33043
33079
33088
33102
33104
33115
33117
33121
33131
33134
33137
33152
33160
33187
33192
33195
33198
33200
33201
33225
33226
33234
33280
33285
33286
33310
33317
33321
33331
33334
33357
33360
33375
33379
33383
33390
33391
33393
33423
33449
33450
33453
33454
33473
33474
33482
33488
33496
33504
33514
33531
33540
33541
33549
33555
33561
33564
33570
33571
33574
33583
33586
33588
33608
33611
33635
33638
33644
33650
33669
33702
33704
33709
33712
33713
33717
33719
33725
33736
33737
33741
33747
33749
33754
33759
33762
33791
33796
33821
33826
33833
33834
33837
33838
33843
33854
33862
33873
33874
33878
33885
33889
33890
33902
33904
33911
33942
33950
33955
33959
33961
33969
33970
33996
34038
34039
34046
34054
34060
34063
34079
34103
34112
34161
34165
34171
34181
34189
34190
34191
34192
34208
34215
34223
34227
34246
34277
34278
34288
34298
34311
34318
34323
34325
34337
34342
34344
34364
34365
34378
34384
34419
34447
34451
34452
34461
34463
34479
34485
34499
34509
34514
34526
34537
34558
34567
34573
34578
34592
34614
34619
34621
34623
34628
34631
34633
34645
34648
34654
34663
34675
34680
34687
34726
34739
34749
34750
34751
34752
34755
34764
34804
34806
34811
34819
34831
34839
34841
34852
34861
34876
34908
34921
34925
34955
34966
34976
34984
34988
35007
35029
35036
35044
35047
35066
35070
35088
35091
35096
35105
35112
35118
35121
35123
35140
35156
35158
35159
35203
35204
35259
35264
35319
35323
35364
35371
35376
35381
35383
35410
35420
35451
35465
35470
35478
35480
35481
35502
35506
35513
35524
35528
35533
35537
35553
35563
35568
35582
35583
35609
35621
35631
35639
35640
35648
35654
35657
35665
35675
35676
35677
35679
35682
35695
35705
35706
35727
35748
35752
35756
35758
35763
35766
35785
35803
35834
35838
35844
35852
35858
35867
35871
35873
35877
35886
35887
35890
35894
35898
35899
35907
35913
35942
35947
35949
35955
35961
35978
36002
36005
36007
36033
36034
36043
36063
36065
36067
36070
36073
36076
36083
36098
36107
36116
36119
36120
36127
36141
36150
36161
36169
36174
36178
36201
36226
36241
36242
36245
36254
36260
36271
36280
36282
36296
36297
36307
36308
36314
36319
36323
36330
36399
36415
36424
36440
36442
36454
36463
36476
36481
36487
36493
36523
36529
36540
36544
36564
36569
36571
36591
36593
36600
36612
36616
36622
36637
36645
36649
36652
36653
36658
36663
36676
36680
36681
36711
36730
36732
36734
36738
36743
36745
36755
36769
36771
36772
36776
36794
36796
36804
36809
36821
36823
36836
36851
36858
36866
36871
36875
36881
36883
36890
36891
36901
36918
36919
36937
36947
36952
36957
36972
36973
36999
37002
37003
37005
37006
37043
37055
37057
37058
37063
37089
37094
37134
37150
37164
37176
37196
37200
37204
37217
37237
37243
37252
37254
37258
37261
37273
37279
37287
37288
37337
37350
37367
37369
37417
37418
37426
37427
37486
37491
37492
37508
37513
37515
37529
37537
37564
37567
37576
37593
37602
37605
37608
37616
37618
37619
37622
37628
37645
37649
37651
37656
37659
37662
37700
37708
37715
37719
37726
37728
37756
37769
37776
37803
37806
37807
37811
37821
37857
37867
37901
37910
37918
37936
37938
37944
37949
37953
37955
37961
37968
37976
37981
37994
37998
38022
38024
38029
38052
38063
38065
38084
38098
38099
38111
38114
38129
38134
38137
38154
38162
38166
38181
38222
38223
38224
38236
38265
38267
38282
38284
38290
38294
38308
38333
38336
38338
38371
38382
38401
38406
38411
38414
38415
38431
38435
38445
38466
38468
38487
38495
38513
38539
38548
38549
38563
38577
38585
38591
38596
38602
38643
38648
38651
38662
38685
38693
38694
38700
38712
38717
38747
38793
38795
38801
38836
38845
38873
38902
38907
38918
38936
38949
38958
38962
38973
38977
38988
38996
39016
39017
39021
39040
39043
39046
39053
39055
39061
39062
39067
39076
39082
39086
39094
39109
39136
39139
39146
39154
39193
39241
39242
39250
39263
39266
39272
39275
39289
39299
39307
39321
39336
39373
39391
39401
39404
39409
39415
39426
39439
39452
39454
39455
39457
39467
39469
39472
39490
39496
39505
39510
39511
39531
39537
39551
39553
39561
39573
39574
39585
39612
39614
39624
39626
39641
39643
39649
39659
39662
39666
39690
39703
39706
39739
39744
39747
39796
39813
39825
39835
39847
39849
39858
39870
39886
39896
39901
39933
39951
39958
39971
39979
39983
39992
39998
40004
40012
40021
40030
40032
40034
40044
40050
40059
40064
40066
40076
40088
40099
40112
40131
40133
40138
40149
40159
40164
40166
40167
40173
40186
40192
40215
40217
40230
40244
40248
40251
40264
40279
40292
40300
40316
40343
40354
40368
40384
40396
40413
40424
40425
40428
40454
40458
40466
40480
40482
40485
40496
40497
40507
40513
40516
40519
40533
40546
40564
40579
40586
40590
40593
40604
40609
40615
40620
40621
40629
40640
40660
40663
40669
40673
40689
40694
40705
40714
40719
40761
40763
40768
40781
40785
40791
40793
40818
40822
40826
40827
40859
40871
40893
40907
40910
40922
40929
40941
40943
40947
40955
40961
40980
41001
41028
41039
41060
41069
41072
41073
41075
41094
41097
41099
41103
41112
41113
41123
41126
41127
41136
41137
41141
41146
41152
41175
41182
41187
41231
41238
41248
41251
41268
41294
41305
41309
41325
41336
41351
41356
41362
41406
41410
41436
41440
41441
41462
41498
41512
41515
41530
41541
41568
41569
41571
41572
41592
41613
41621
41632
41633
41642
41643
41651
41657
41665
41681
41689
41704
41711
41718
41722
41723
41749
41777
41783
41787
41788
41812
41815
41817
41818
41826
41833
41846
41856
41858
41862
41864
41865
41882
41894
41905
41913
41947
41958
41960
42008
42024
42032
42035
42045
42049
42074
42086
42094
42096
42109
42114
42122
42128
42138
42171
42183
42192
42235
42237
42242
42247
42248
42252
42255
42259
42295
42297
42299
42303
42319
42329
42335
42361
42372
42377
42388
42435
42443
42446
42451
42479
42481
42489
42523
42551
42556
42562
42563
42586
42600
42606
42613
42619
42624
42631
42640
42647
42648
42675
42678
42686
42691
42692
42693
42696
42702
42703
42728
42732
42738
42740
42759
42764
42769
42780
42787
42793
42808
42810
42828
42830
42842
42855
42868
42870
42871
42880
42898
42913
42922
42928
42933
42934
42955
42958
42962
42964
42969
42971
42976
42981
42985
42999
43020
43022
43041
43043
43049
43051
43062
43072
43074
43078
43087
43100
43114
43126
43136
43143
43145
43157
43169
43172
43176
43184
43186
43187
43199
43207
43209
43211
43212
43232
43236
43238
43240
43247
43253
43273
43274
43298
43305
43314
43326
43334
43342
43348
43350
43352
43372
43381
43388
43444
43446
43452
43463
43465
43483
43503
43504
43535
43593
43595
43617
43624
43627
43628
43630
43649
43652
43672
43677
43701
43703
43729
43730
43733
43737
43753
43764
43769
43772
43779
43789
43797
43814
43815
43820
43838
43842
43844
43845
43849
43850
43874
43880
43881
43895
43903
43911
43925
43928
43931
43941
43955
43961
43966
43978
43988
44005
44015
44028
44041
44047
44049
44052
44066
44086
44088
44093
44095
44123
44126
44131
44152
44176
44181
44184
44188
44216
44222
44234
44258
44270
44271
44283
44292
44305
44314
44328
44337
44357
44368
44369
44370
44372
44392
44395
44442
44443
44458
44473
44478
44487
44488
44509
44519
44522
44525
44528
44534
44535
44546
44547
44556
44559
44566
44582
44610
44611
44614
44620
44661
44666
44673
44676
44702
44719
44721
44728
44731
44736
44748
44756
44762
44765
44782
44787
44797
44803
44807
44824
44826
44837
44853
44868
44919
44923
44931
44932
44953
44962
44964
44997
45005
45022
45023
45024
45026
45030
45033
45043
45044
45052
45066
45087
45088
45114
45122
45134
45137
45138
45178
45180
45184
45240
45242
45246
45254
45256
45263
45273
45277
45287
45294
45299
45307
45310
45329
45338
45367
45392
45394
45401
45407
45416
45426
45428
45452
45465
45477
45480
45539
45553
45566
45576
45579
45585
45637
45638
45652
45679
45694
45699
45705
45719
45724
45730
45739
45765
45770
45790
45811
45816
45817
45850
45855
45858
45867
45884
45885
45903
45904
45935
45964
45981
45990
45996
46022
46025
46026
46028
46049
46062
46064
46071
46078
46089
46090
46105
46111
46112
46119
46123
46126
46131
46154
46169
46181
46198
46201
46204
46206
46209
46257
46268
46272
46274
46280
46305
46311
46327
46350
46351
46362
46365
46378
46385
46388
46396
46397
46401
46405
46417
46452
46460
46462
46473
46480
46482
46488
46497
46500
46511
46514
46528
46539
46553
46563
46570
46586
46605
46614
46619
46632
46637
46652
46714
46721
46738
46742
46748
46765
46775
46778
46787
46796
46799
46856
46876
46884
46890
46900
46903
46911
46914
46928
46950
46954
46963
46967
46973
46986
46989
46995
46999
47007
47021
47052
47055
47064
47073
47076
47080
47093
47109
47119
47120
47126
47153
47168
47173
47175
47176
47196
47213
47217
47232
47251
47277
47305
47309
47314
47320
47324
47325
47347
47360
47374
47397
47402
47404
47415
47421
47425
47452
47457
47463
47485
47514
47516
47530
47549
47554
47558
47583
47592
47612
47616
47618
47638
47650
47669
47698
47699
47701
47706
47708
47715
47716
47743
47746
47762
47764
47768
47782
47801
47802
47803
47806
47809
47813
47823
47830
47833
47843
47844
47845
47873
47879
47885
47886
47898
47900
47908
47925
47929
47935
47953
47983
47986
47988
47991
48002
48014
48016
48023
48025
48031
48034
48040
48062
48072
48082
48083
48091
48102
48125
48132
48135
48142
48163
48174
48183
48204
48205
48211
48222
48248
48257
48258
48267
48275
48286
48302
48321
48353
48377
48383
48387
48401
48404
48406
48427
48430
48451
48459
48465
48472
48506
48514
48527
48536
48551
48569
48573
48581
48584
48604
48605
48632
48634
48644
48675
48678
48684
48686
48689
48702
48725
48739
48740
48747
48766
48778
48784
48792
48797
48800
48808
48813
48817
48820
48824
48841
48846
48848
48859
48881
48889
48911
48919
48920
48925
48927
48928
48963
48972
48981
48990
49000
49024
49054
49060
49075
49082
49095
49112
49141
49149
49158
49162
49170
49171
49187
49192
49207
49224
49239
49246
49261
49269
49272
49276
49280
49282
49284
49286
49300
49312
49317
49321
49323
49336
49339
49349
49364
49372
49374
49398
49403
49442
49443
49483
49526
49532
49549
49557
49584
49585
49590
49595
49602
49622
49628
49647
49657
49658
49672
49677
49696
49699
49704
49718
49719
49729
49730
49745
49747
49750
49760
49771
49774
49784
49802
49803
49812
49817
49819
49823
49841
49842
49862
49873
49882
49907
49920
49939
49940
49963
49970
49974
49977
49999
50003
50009
50015
50030
50054
50055
50059
50070
50117
50119
50133
50152
50180
50192
50194
50226
50227
50237
50240
50242
50244
50245
50298
50302
50310
50314
50323
50326
50334
50335
50344
50349
50361
50362
50365
50377
50382
50385
50404
50406
50407
50408
50413
50423
50425
50427
50433
50452
50458
50463
50468
50484
50487
50497
50545
50555
50561
50570
50577
50582
50584
50601
50608
50612
50620
50629
50655
50670
50679
50693
50706
50724
50728
50732
50740
50776
50780
50796
50802
50811
50814
50816
50825
50826
50838
50853
50862
50867
50877
50891
50912
50914
50926
50962
50976
50984
50995
51021
51051
51057
51080
51082
51090
51099
51107
51112
51121
51122
51139
51150
51179
51181
51185
51192
51196
51197
51211
51221
51236
51237
51252
51262
51276
51299
51314
51326
51333
51345
51363
51368
51381
51391
51398
51405
51413
51422
51423
51425
51461
51467
51474
51475
51480
51488
51510
51517
51530
51554
51568
51579
51586
51598
51639
51640
51643
51669
51682
51715
51721
51732
51737
51738
51757
51764
51765
51766
51784
51786
51788
51792
51795
51807
51820
51833
51841
51849
51854
51862
51875
51878
51890
51911
51949
51950
51971
51983
52001
52014
52020
52022
52046
52051
52052
52053
52054
52072
52079
52126
52133
52139
52145
52185
52188
52190
52193
52201
52202
52203
52206
52212
52217
52227
52234
52240
52264
52277
52278
52279
52292
52295
52301
52315
52323
52331
52335
52337
52339
52341
52344
52351
52356
52365
52399
52410
52413
52422
52440
52446
52449
52456
52472
52484
52489
52499
52511
52520
52532
52543
52564
52572
52603
52609
52610
52611
52627
52632
52636
52643
52648
52650
52658
52664
52669
52672
52683
52686
52687
52689
52717
52721
52776
52778
52783
52785
52798
52824
52836
52840
52842
52866
52878
52896
52900
52906
52924
52925
52950
52954
52960
52963
52967
52981
52995
53008
53011
53013
53026
53027
53034
53040
53064
53073
53093
53114
53147
53160
53187
53195
53217
53234
53235
53266
53300
53310
53315
53327
53338
53344
53347
53365
53386
53387
53391
53398
53401
53430
53434
53453
53481
53520
53531
53532
53536
53548
53549
53560
53566
53568
53584
53588
53596
53611
53629
53642
53644
53675
53676
53704
53707
53714
53716
53718
53720
53730
53736
53742
53747
53769
53792
53815
53821
53823
53832
53861
53863
53866
53870
53891
53899
53924
53929
53937
53957
53967
53968
53975
53976
53984
53990
53996
54002
54020
54027
54028
54038
54043
54047
54071
54076
54085
54110
54126
54139
54144
54148
54153
54163
54198
54202
54204
54205
54215
54221
54229
54236
54242
54245
54246
54262
54280
54285
54297
54308
54320
54344
54356
54369
54398
54402
54428
54430
54438
54443
54444
54447
54452
54518
54519
54524
54548
54558
54562
54573
54581
54586
54591
54611
54614
54621
54632
54647
54656
54669
54682
54683
54693
54697
54700
54702
54703
54704
54721
54724
54730
54732
54739
54743
54748
54749
54751
54758
54772
54773
54811
54819
54835
54856
54872
54903
54906
54913
54923
54927
54937
54938
54940
54943
54946
54948
54949
54954
54966
54975
54980
54985
54990
54995
55018
55024
55034
55036
55067
55071
55076
55086
55095
55106
55112
55113
55125
55139
55154
55163
55192
55207
55220
55226
55235
55242
55249
55274
55276
55281
55282
55285
55319
55334
55355
55356
55363
55372
55387
55415
55439
55440
55443
55445
55453
55462
55469
55505
55512
55520
55521
55527
55542
55553
55564
55591
55629
55633
55648
55650
55651
55666
55676
55719
55737
55743
55745
55813
55819
55824
55825
55827
55856
55863
55880
55891
55913
55916
55918
55929
55930
55933
55966
55977
55978
55981
55986
55988
55998
56004
56013
56015
56021
56038
56039
56043
56044
56046
56081
56082
56087
56100
56102
56115
56121
56126
56129
56136
56142
56146
56147
56148
56151
56163
56188
56189
56198
56209
56225
56229
56233
56235
56253
56259
56280
56282
56283
56286
56288
56300
56302
56304
56305
56308
56311
56345
56357
56359
56374
56383
56386
56387
56408
56411
56414
56418
56430
56461
56462
56470
56475
56484
56486
56489
56492
56494
56520
56544
56553
56565
56573
56596
56597
56603
56605
56610
56612
56623
56637
56645
56657
56673
56674
56700
56707
56717
56718
56719
56720
56723
56730
56745
56755
56759
56790
56791
56806
56809
56832
56855
56862
56882
56884
56885
56909
56911
56927
56936
56948
56961
56964
56967
56978
56985
56989
57005
57028
57045
57067
57070
57074
57088
57117
57127
57137
57157
57179
57184
57188
57205
57212
57223
57232
57242
57249
57277
57283
57288
57308
57311
57317
57318
57321
57347
57364
57371
57373
57377
57394
57402
57411
57429
57442
57455
57460
57466
57486
57504
57534
57539
57545
57552
57557
57562
57571
57575
57582
57584
57590
57592
57605
57621
57642
57647
57652
57653
57671
57674
57676
57682
57693
57695
57703
57729
57743
57757
57762
57774
57775
57798
57801
57802
57821
57834
57838
57848
57852
57874
57875
57884
57912
57918
57924
57930
57931
57961
57969
57995
58001
58050
58061
58072
58083
58089
58097
58108
58128
58142
58146
58154
58159
58162
58165
58172
58182
58212
58213
58239
58246
58276
58277
58278
58285
58299
58309
58322
58330
58336
58340
58351
58356
58358
58376
58380
58381
58382
58385
58392
58402
58405
58407
58413
58428
58446
58455
58460
58478
58497
58505
58509
58511
58517
58536
58537
58539
58546
58576
58584
58595
58603
58612
58640
58663
58671
58685
58692
58699
58702
58706
58709
58710
58711
58714
58722
58725
58738
58751
58757
58766
58771
58781
58782
58784
58794
58800
58802
58824
58826
58833
58839
58849
58859
58868
58869
58886
58894
58908
58937
58940
58946
58962
58986
58993
59006
59030
59070
59084
59087
59102
59108
59117
59121
59129
59132
59140
59151
59179
59184
59185
59212
59216
59235
59241
59287
59288
59299
59301
59308
59326
59329
59338
59349
59351
59364
59373
59376
59378
59384
59388
59394
59407
59410
59429
59436
59437
59438
59445
59448
59458
59474
59488
59494
59498
59521
59570
59578
59583
59586
59592
59598
59602
59611
59679
59681
59688
59698
59699
59705
59707
59714
59727
59748
59760
59767
59775
59778
59797
59820
59827
59843
59852
59865
59868
59872
59879
59883
59890
59897
59899
59902
59903
59912
59917
59935
59948
59966
59983
59990
60006
60038
60095
60109
60129
60137
60153
60190
60194
60195
60205
60210
60223
60237
60243
60271
60276
60291
60299
60301
60309
60310
60311
60312
60313
60315
60320
60361
60364
60373
60393
60397
60415
60417
60427
60432
60434
60436
60439
60443
60444
60457
60460
60469
60471
60482
60488
60514
60516
60535
60543
60597
60615
60619
60621
60642
60658
60667
60687
60706
60723
60736
60748
60756
60767
60782
60795
60800
60804
60805
60806
60821
60827
60833
60838
60843
60847
60887
60892
60901
60911
60931
60938
60941
60974
60979
60980
60981
60991
61012
61017
61027
61032
61038
61041
61056
61068
61071
61082
61089
61093
61103
61118
61143
61150
61170
61204
61241
61242
61267
61273
61287
61299
61315
61321
61336
61349
61366
61379
61381
61383
61396
61409
61412
61414
61423
61425
61437
61441
61481
61485
61489
61491
61509
61512
61522
61525
61530
61544
61550
61551
61553
61558
61571
61616
61638
61643
61657
61682
61684
61693
61705
61715
61721
61733
61741
61755
61759
61765
61811
61816
61832
61854
61855
61861
61864
61870
61872
61886
61903
61909
61923
61926
61928
61932
61940
61949
61951
61978
61984
61997
61999
62008
62068
62094
62101
62113
62125
62138
62146
62177
62195
62205
62222
62223
62230
62239
62242
62247
62260
62271
62293
62305
62313
62327
62329
62341
62364
62369
62384
62394
62417
62418
62420
62423
62429
62447
62453
62471
62486
62500
62503
62507
62538
62567
62575
62577
62582
62592
62607
62609
62613
62628
62640
62643
62655
62658
62661
62662
62671
62679
62687
62692
62721
62728
62730
62737
62738
62762
62797
62803
62817
62836
62865
62887
62910
62928
62936
62945
62972
62973
62978
62986
62993
62998
63011
63017
63026
63030
63042
63075
63087
63089
63096
63098
63099
63122
63124
63128
63131
63139
63168
63179
63180
63204
63209
63212
63213
63214
63239
63249
63251
63263
63290
63294
63303
63305
63306
63316
63324
63331
63332
63339
63341
63346
63363
63364
63374
63390
63396
63404
63429
63435
63446
63447
63452
63471
63472
63480
63481
63485
63494
63500
63506
63524
63533
63547
63556
63568
63569
63571
63573
63575
63598
63626
63647
63655
63656
63664
63687
63689
63719
63721
63724
63728
63737
63745
63776
63788
63804
63806
63821
63832
63835
63874
63886
63897
63908
63916
63919
63930
63934
63943
63945
63947
63948
63955
63962
63967
63989
63998
64029
64031
64036
64050
64051
64058
64068
64078
64098
64109
64115
64116
64131
64140
64145
64150
64152
64153
64161
64162
64172
64183
64187
64198
64199
64204
64205
64212
64218
64219
64229
64242
64267
64273
64274
64285
64297
64301
64317
64322
64335
64341
64344
64346
64350
64351
64369
64370
64372
64373
64374
64389
64394
64418
64420
64424
64430
64439
64446
64456
64472
64481
64482
64490
64494
64501
64513
64516
64528
64551
64558
64575
64581
64583
64598
64600
64601
64610
64620
64625
64651
64663
64671
64677
64697
64701
64705
64706
64707
64714
64722
64725
64733
64737
64744
64745
64753
64778
64779
64789
64828
64844
64852
64863
64872
64874
64877
64900
64901
64906
64908
64951
64955
64966
64982
64993
64995
65001
65011
65027
65043
65049
65054
65058
65060
65071
65075
65076
65078
65097
65118
65127
65145
65158
65175
65177
65186
65190
65207
65213
65239
65249
65253
65259
65269
65288
65302
65310
65320
65325
65326
65344
65354
65355
65359
65373
65395
65415
65420
65423
65431
65435
65441
65464
65485
65486
65497
65499
65529
65535
65539
65550
65595
65601
65602
65611
65628
65631
65679
65697
65712
65713
65716
65725
65726
65743
65758
65762
65769
65781
65785
65801
65809
65819
65847
65850
65862
65868
65871
65876
65896
65897
65907
65915
65928
65936
65941
65960
65964
65967
65986
66004
66007
66032
66037
66050
66072
66073
66092
66093
66102
66110
66126
66138
66140
66144
66151
66155
66159
66167
66169
66175
66177
66179
66190
66194
66198
66210
66215
66217
66226
66242
66252
66254
66265
66332
66353
66356
66357
66359
66362
66377
66386
66397
66405
66430
66434
66439
66451
66464
66470
66478
66501
66526
66537
66546
66549
66561
66574
66578
66580
66594
66599
66613
66623
66627
66669
66673
66674
66679
66685
66699
66715
66716
66717
66720
66722
66724
66748
66750
66779
66780
66781
66786
66788
66794
66801
66822
66849
66866
66870
66876
66934
66952
66967
66970
66972
66973
66983
66986
66999
67012
67015
67020
67029
67030
67044
67054
67060
67070
67085
67103
67118
67124
67145
67146
67149
67151
67176
67181
67201
67210
67216
67244
67253
67256
67262
67278
67280
67281
67286
67292
67303
67307
67318
67339
67343
67345
67349
67360
67389
67410
67416
67429
67435
67444
67449
67480
67555
67556
67557
67561
67562
67563
67566
67569
67573
67575
67599
67635
67637
67668
67669
67678
67695
67707
67739
67748
67751
67764
67768
67794
67814
67821
67823
67833
67864
67887
67890
67891
67898
67907
67911
67923
67938
67947
67951
67952
67959
67962
67967
67973
67987
68008
68015
68022
68030
68037
68059
68068
68074
68077
68079
68099
68108
68116
68118
68123
68125
68133
68144
68178
68185
68195
68196
68202
68211
68213
68215
68228
68239
68253
68258
68265
68276
68310
68313
68336
68344
68345
68352
68360
68379
68385
68386
68407
68410
68418
68421
68425
68443
68446
68457
68458
68493
68496
68500
68514
68528
68534
68550
68554
68556
68564
68565
68568
68582
68589
68601
68604
68605
68623
68635
68637
68643
68657
68658
68661
68666
68669
68670
68682
68708
68710
68713
68716
68718
68729
68730
68757
68760
68783
68799
68832
68841
68844
68848
68850
68851
68867
68877
68890
68894
68896
68902
68903
68925
68934
68950
68971
68990
68993
69009
69014
69020
69030
69040
69044
69047
69049
69058
69062
69073
69075
69090
69105
69111
69129
69131
69137
69156
69172
69181
69200
69203
69219
69222
69231
69232
69247
69250
69259
69261
69266
69298
69300
69307
69328
69330
69355
69359
69373
69376
69378
69380
69390
69395
69404
69433
69439
69447
69455
69471
69491
69495
69515
69519
69520
69522
69543
69546
69562
69574
69591
69621
69625
69628
69638
69641
69644
69658
69665
69683
69687
69714
69723
69729
69750
69752
69753
69766
69769
69784
69796
69803
69831
69867
69884
69895
69932
69941
69950
69956
69975
69979
69999
70000
70005
70010
70026
70030
70048
70069
70073
70083
70094
70107
70117
70119
70121
70151
70154
70158
70165
70178
70179
70185
70188
70197
70215
70225
70244
70269
70271
70292
70301
70310
70316
70318
70333
70340
70343
70344
70354
70366
70377
70386
70403
70412
70413
70427
70434
70439
70445
70454
70458
70467
70482
70498
70510
70541
70542
70583
70585
70592
70593
70602
70613
70616
70627
70657
70666
70680
70689
70694
70699
70700
70702
70707
70721
70727
70729
70736
70743
70752
70757
70762
70765
70767
70777
70779
70786
70798
70802
70808
70820
70853
70873
70878
70884
70897
70899
70915
70920
70921
70926
70932
70949
70961
70962
70967
70973
70974
70985
70988
71025
71052
71054
71057
71079
71080
71081
71093
71095
71109
71123
71124
71145
71151
71172
71177
71180
71196
71210
71216
71226
71231
71247
71248
71257
71259
71265
71271
71280
71285
71287
71296
71297
71304
71305
71307
71309
71333
71336
71353
71355
71365
71367
71377
71388
71391
71396
71409
71410
71418
71422
71444
71450
71461
71472
71478
71485
71491
71499
71514
71520
71527
71529
71532
71534
71559
71569
71575
71586
71588
71592
71602
71622
71625
71631
71632
71636
71640
71652
71654
71663
71674
71687
71693
71702
71710
71716
71739
71743
71748
71753
71754
71756
71759
71773
71799
71833
71840
71844
71853
71854
71857
71860
71870
71876
71877
71881
71888
71912
71915
71916
71926
71935
71946
71962
71992
71996
72013
72018
72037
72080
72085
72086
72088
72096
72108
72115
72119
72127
72138
72142
72143
72155
72158
72166
72178
72183
72184
72205
72214
72247
72248
72250
72253
72259
72264
72299
72311
72318
72334
72337
72340
72348
72376
72413
72442
72446
72465
72471
72472
72477
72485
72494
72505
72517
72524
72529
72572
72574
72585
72588
72609
72612
72621
72634
72635
72638
72667
72669
72677
72694
72709
72722
72723
72725
72742
72744
72747
72784
72796
72811
72836
72882
72883
72903
72905
72912
72914
72933
72934
72936
72937
72941
72944
72961
72971
72976
72977
72982
72983
72990
73002
73010
73016
73021
73032
73041
73059
73061
73063
73066
73076
73078
73087
73104
73114
73115
73134
73143
73149
73153
73155
73169
73179
73185
73208
73210
73213
73217
73241
73250
73257
73266
73267
73273
73274
73283
73294
73296
73302
73309
73317
73323
73340
73342
73347
73349
73367
73374
73376
73402
73417
73424
73433
73441
73445
73447
73448
73449
73451
73453
73456
73460
73474
73483
73491
73492
73494
73510
73516
73518
73537
73542
73544
73554
73561
73588
73597
73606
73623
73630
73634
73647
73660
73671
73676
73680
73681
73682
73706
73714
73715
73735
73737
73741
73748
73750
73768
73820
73833
73837
73839
73844
73847
73848
73864
73874
73888
73894
73904
73906
73907
73925
73933
73936
73963
73980
73985
73989
73991
74006
74008
74028
74033
74035
74075
74081
74086
74097
74111
74121
74123
74127
74128
74130
74136
74172
74192
74199
74206
74217
74220
74223
74286
74298
74324
74327
74336
74341
74342
74346
74347
74358
74364
74371
74393
74406
74428
74431
74441
74452
74455
74458
74463
74479
74482
74495
74514
74529
74539
74567
74569
74572
74579
74581
74587
74603
74604
74632
74637
74646
74675
74685
74686
74708
74719
74725
74728
74730
74741
74742
74759
74762
74766
74768
74776
74788
74793
74802
74810
74836
74855
74873
74874
74877
74878
74883
74911
74924
74931
74934
74935
74940
74948
74953
74961
74966
74971
74986
74989
74992
75013
75018
75023
75033
75038
75047
75079
75085
75092
75094
75095
75100
75105
75114
75116
75138
75140
75200
75204
75205
75209
75224
75234
75264
75280
75292
75294
75307
75327
75335
75337
75338
75339
75343
75351
75369
75377
75382
75385
75422
75437
75454
75471
75472
75474
75477
75484
75506
75529
75543
75568
75571
75593
75612
75617
75632
75647
75673
75682
75685
75691
75696
75706
75766
75782
75798
75801
75876
75883
75890
75895
75898
75910
75918
75920
75923
75943
75958
75959
75970
75973
75975
75978
75981
75995
76020
76028
76034
76048
76049
76067
76075
76101
76119
76124
76129
76147
76166
76185
76195
76223
76227
76230
76238
76249
76250
76267
76275
76276
76286
76291
76294
76310
76322
76330
76336
76343
76354
76355
76364
76379
76390
76398
76405
76407
76413
76445
76468
76479
76481
76496
76502
76527
76537
76544
76547
76559
76561
76564
76584
76587
76592
76597
76600
76607
76662
76668
76669
76671
76703
76710
76720
76736
76738
76748
76758
76762
76766
76782
76786
76787
76805
76812
76818
76827
76832
76855
76862
76885
76891
76896
76919
76941
76944
76959
76966
76971
76972
76981
77010
77058
77059
77060
77061
77075
77089
77120
77121
77124
77137
77146
77149
77150
77175
77182
77193
77200
77217
77234
77243
77245
77246
77248
77258
77269
77285
77293
77309
77319
77322
77328
77329
77358
77361
77388
77413
77421
77434
77442
77444
77461
77481
77483
77495
77502
77515
77527
77535
77566
77586
77626
77636
77637
77668
77682
77685
77692
77702
77706
77710
77722
77751
77757
77765
77770
77771
77775
77796
77809
77811
77823
77825
77837
77904
77920
77923
77925
77934
77946
77970
77979
77982
77986
78005
78022
78071
78081
78116
78131
78141
78157
78182
78187
78189
78196
78197
78198
78210
78238
78246
78250
78276
78278
78279
78282
78291
78300
78307
78318
78327
78366
78375
78386
78394
78398
78403
78404
78424
78428
78440
78447
78456
78470
78475
78505
78508
78521
78525
78536
78553
78562
78570
78583
78586
78605
78609
78611
78658
78659
78676
78704
78706
78713
78733
78741
78747
78749
78761
78773
78786
78788
78802
78808
78819
78830
78831
78838
78843
78851
78860
78876
78877
78881
78893
78898
78912
78934
78949
78954
78959
79002
79034
79042
79049
79056
79062
79069
79073
79082
79083
79084
79088
79099
79126
79129
79137
79141
79163
79185
79187
79188
79189
79192
79195
79201
79206
79211
79214
79224
79226
79228
79231
79237
79242
79259
79263
79271
79275
79285
79294
79296
79302
79319
79327
79332
79341
79346
79350
79380
79382
79383
79400
79403
79405
79406
79435
79448
79469
79471
79498
79511
79517
79537
79574
79582
79603
79617
79626
79639
79645
79664
79667
79669
79675
79678
79717
79722
79729
79730
79745
79755
79756
79757
79759
79815
79822
79848
79878
79879
79882
79883
79895
79898
79914
79918
79929
79930
79937
79943
79944
79958
79976
79980
79989
79990
80031
80036
80100
80138
80142
80147
80154
80156
80169
80173
80178
80183
80189
80191
80228
80243
80248
80251
80257
80259
80262
80263
80267
80289
80295
80308
80309
80343
80350
80385
80398
80412
80419
80429
80435
80438
80440
80452
80454
80473
80485
80504
80508
80528
80539
80544
80547
80548
80573
80583
80593
80621
80625
80627
80645
80649
80654
80657
80660
80673
80674
80683
80691
80694
80698
80702
80749
80774
80792
80796
80804
80805
80829
80849
80853
80873
80885
80896
80898
80907
80936
80955
80984
80999
81000
81022
81023
81053
81057
81058
81080
81082
81084
81086
81088
81096
81102
81114
81118
81132
81153
81159
81163
81169
81175
81177
81222
81252
81265
81268
81317
81327
81360
81388
81395
81398
81403
81410
81420
81424
81429
81433
81441
81454
81456
81462
81468
81480
81492
81518
81529
81542
81551
81558
81564
81574
81579
81583
81610
81620
81627
81632
81633
81641
81646
81651
81657
81658
81661
81688
81695
81709
81712
81729
81738
81756
81770
81774
81784
81797
81829
81836
81844
81853
81858
81863
81868
81872
81893
81902
81905
81919
81922
81923
81929
81941
81943
81948
81965
81985
81987
81992
82003
82037
82042
82043
82044
82051
82052
82056
82064
82074
82076
82082
82095
82101
82104
82107
82109
82122
82123
82129
82141
82167
82172
82189
82198
82199
82203
82206
82229
82239
82243
82246
82267
82268
82275
82280
82297
82305
82307
82312
82316
82325
82338
82344
82348
82351
82354
82371
82375
82380
82395
82404
82420
82422
82429
82456
82470
82486
82501
82508
82518
82522
82528
82532
82564
82568
82579
82581
82585
82590
82597
82606
82633
82642
82645
82650
82659
82675
82676
82695
82708
82748
82764
82765
82777
82783
82791
82792
82800
82804
82822
82861
82889
82895
82923
82925
82934
82936
82938
82974
82979
82987
83000
83006
83040
83046
83051
83054
83077
83078
83091
83111
83119
83122
83151
83152
83153
83175
83193
83194
83195
83199
83205
83211
83215
83224
83227
83245
83253
83261
83271
83273
83288
83292
83295
83307
83310
83312
83313
83315
83325
83335
83356
83359
83371
83374
83381
83390
83397
83411
83413
83436
83438
83439
83451
83462
83463
83479
83480
83487
83491
83495
83500
83508
83511
83515
83554
83573
83603
83604
83606
83615
83618
83621
83646
83650
83659
83665
83668
83692
83699
83700
83705
83709
83726
83753
83770
83771
83780
83786
83796
83806
83807
83813
83814
83815
83817
83822
83837
83847
83859
83864
83889
83891
83894
83898
83899
83902
83908
83914
83916
83930
83933
83938
83941
83968
83969
83971
83977
83988
83991
83997
84002
84009
84028
84049
84056
84067
84081
84086
84101
84117
84120
84128
84130
84134
84150
84168
84175
84183
84198
84206
84211
84229
84249
84262
84263
84272
84291
84297
84305
84313
84318
84320
84325
84346
84351
84355
84376
84378
84410
84431
84440
84442
84445
84447
84475
84476
84480
84488
84492
84498
84507
84523
84524
84528
84531
84537
84542
84549
84557
84580
84583
84596
84607
84618
84641
84644
84647
84652
84662
84663
84685
84689
84694
84714
84726
84733
84755
84777
84779
84785
84787
84800
84809
84835
84840
84845
84856
84871
84875
84890
84927
84929
84940
84942
84944
84945
84965
84970
84980
85017
85020
85041
85049
85055
85067
85075
85077
85083
85084
85092
85101
85116
85123
85159
85163
85166
85178
85179
85185
85191
85193
85195
85215
85217
85218
85222
85234
85235
85247
85249
85255
85274
85276
85286
85306
85322
85330
85345
85356
85390
85418
85434
85436
85437
85451
85453
85470
85473
85495
85511
85539
85548
85552
85560
85577
85601
85609
85628
85635
85638
85660
85681
85702
85707
85738
85767
85780
85792
85795
85815
85817
85820
85822
85838
85841
85850
85864
85913
85918
85920
85921
85924
85932
85955
85958
85970
85980
85991
85993
86029
86034
86037
86038
86053
86054
86073
86074
86076
86113
86124
86133
86160
86165
86168
86198
86199
86209
86223
86242
86244
86246
86248
86251
86252
86255
86267
86281
86289
86304
86309
86323
86344
86371
86377
86383
86390
86405
86425
86437
86471
86472
86494
86499
86507
86542
86553
86562
86573
86578
86588
86598
86606
86609
86610
86617
86622
86632
86639
86650
86667
86670
86682
86686
86704
86712
86726
86734
86751
86752
86753
86754
86773
86777
86781
86785
86801
86804
86829
86831
86835
86838
86840
86858
86859
86860
86876
86886
86887
86909
86912
86940
86949
86956
86960
86962
86964
86968
86985
86986
87001
87028
87036
87037
87041
87042
87058
87067
87073
87109
87110
87116
87131
87148
87154
87156
87162
87183
87201
87206
87214
87216
87224
87230
87231
87234
87236
87237
87239
87247
87248
87249
87257
87265
87266
87270
87280
87283
87296
87302
87305
87309
87316
87356
87359
87398
87402
87412
87414
87455
87463
87476
87478
87510
87541
87544
87560
87617
87622
87642
87649
87658
87659
87660
87685
87714
87718
87723
87739
87745
87758
87764
87792
87798
87805
87811
87818
87830
87837
87840
87841
87883
87897
87902
87921
87927
87934
87945
87947
87958
87960
87963
87975
87994
87997
88010
88029
88044
88049
88054
88056
88067
88073
88079
88080
88087
88094
88100
88117
88142
88143
88150
88152
88161
88167
88169
88170
88175
88203
88213
88220
88229
88233
88259
88273
88276
88277
88278
88308
88315
88330
88334
88336
88348
88375
88383
88388
88408
88410
88412
88418
88433
88441
88443
88455
88473
88480
88481
88494
88509
88512
88513
88540
88542
88543
88544
88578
88584
88591
88605
88608
88610
88622
88643
88648
88653
88659
88665
88673
88683
88704
88731
88751
88760
88772
88779
88781
88786
88788
88789
88790
88791
88795
88796
88797
88809
88826
88836
88837
88886
88905
88917
88925
88930
88942
88951
88956
88957
88971
88973
88997
88998
89026
89029
89035
89064
89072
89073
89075
89082
89122
89127
89128
89161
89167
89182
89190
89226
89233
89234
89236
89245
89249
89263
89269
89274
89290
89295
89303
89305
89308
89313
89317
89321
89324
89336
89339
89356
89357
89359
89374
89392
89426
89430
89431
89437
89439
89445
89470
89478
89485
89496
89500
89504
89508
89514
89521
89527
89551
89559
89561
89562
89570
89585
89596
89598
89619
89621
89623
89624
89626
89636
89639
89643
89658
89667
89686
89691
89699
89707
89708
89717
89723
89742
89747
89752
89755
89758
89764
89769
89783
89791
89792
89822
89831
89834
89843
89864
89869
89876
89885
89893
89898
89910
89921
89925
89928
89942
89950
89961
89976
89995
89998
90003
90006
90013
90015
90056
90072
90075
90087
90102
90131
90133
90146
90149
90158
90169
90174
90175
90189
90205
90207
90228
90233
90241
90249
90253
90260
90281
90284
90291
90306
90311
90313
90322
90324
90374
90382
90393
90397
90413
90427
90429
90436
90452
90467
90474
90479
90480
90486
90492
90511
90525
90530
90539
90540
90541
90546
90552
90562
90563
90565
90574
90582
90586
90596
90597
90606
90607
90644
90694
90703
90722
90731
90737
90748
90753
90760
90761
90764
90767
90782
90807
90814
90815
90847
90864
90871
90878
90880
90888
90900
90904
90909
90922
90940
90943
90944
90949
90952
90958
90974
90984
90985
91026
91036
91038
91040
91042
91047
91070
91081
91084
91089
91099
91102
91108
91111
91130
91138
91149
91156
91161
91171
91176
91185
91192
91195
91201
91206
91210
91214
91216
91219
91221
91223
91230
91234
91261
91264
91274
91281
91308
91324
91327
91339
91357
91365
91381
91382
91398
91420
91422
91447
91451
91463
91484
91511
91512
91517
91531
91538
91546
91556
91576
91581
91592
91631
91636
91645
91651
91659
91683
91733
91743
91749
91753
91754
91756
91757
91764
91778
91787
91792
91808
91830
91831
91838
91850
91866
91868
91894
91901
91907
91910
91915
91922
91933
91940
91987
92001
92006
92010
92018
92029
92033
92034
92047
92074
92077
92084
92090
92102
92105
92112
92130
92138
92140
92154
92171
92172
92178
92186
92192
92198
92204
92206
92215
92242
92259
92274
92295
92303
92304
92315
92325
92330
92331
92347
92388
92399
92422
92426
92440
92444
92462
92468
92471
92494
92502
92537
92562
92567
92576
92588
92599
92605
92614
92615
92619
92624
92636
92667
92677
92683
92691
92699
92750
92774
92776
92781
92784
92789
92791
92795
92812
92813
92820
92824
92829
92838
92843
92851
92852
92866
92888
92916
92922
92926
92928
92929
92937
92947
92951
92952
92964
92965
92989
92992
93009
93019
93038
93044
93050
93056
93067
93069
93077
93087
93090
93094
93099
93103
93113
93144
93146
93152
93158
93167
93173
93193
93196
93198
93210
93214
93227
93240
93255
93266
93271
93272
93284
93287
93290
93295
93312
93317
93324
93331
93363
93370
93378
93381
93388
93408
93415
93441
93481
93500
93504
93524
93544
93548
93571
93576
93582
93589
93593
93602
93609
93610
93615
93617
93620
93637
93653
93654
93656
93685
93690
93716
93727
93728
93738
93754
93759
93768
93784
93792
93831
93842
93848
93854
93856
93859
93861
93875
93888
93892
93895
93899
93901
93904
93921
93926
93938
93946
93950
93951
93961
93966
93968
93975
93978
93986
93989
93996
94000
94008
94022
94032
94041
94042
94068
94090
94138
94153
94164
94182
94183
94194
94197
94205
94217
94219
94248
94251
94264
94271
94272
94284
94285
94296
94309
94313
94317
94318
94323
94330
94354
94355
94372
94397
94417
94428
94432
94451
94457
94459
94461
94464
94471
94486
94494
94495
94518
94530
94538
94545
94547
94555
94559
94583
94586
94591
94605
94614
94619
94621
94625
94631
94643
94651
94698
94717
94723
94727
94728
94746
94751
94757
94763
94767
94773
94776
94782
94791
94792
94799
94804
94819
94834
94840
94852
94905
94927
94935
94939
94946
94954
94959
94962
94968
94972
94990
94992
95014
95045
95046
95064
95080
95101
95105
95110
95112
95132
95148
95154
95160
95164
95167
95177
95185
95193
95199
95206
95243
95244
95245
95249
95250
95262
95278
95297
95301
95305
95316
95342
95348
95360
95364
95371
95395
95418
95420
95426
95427
95450
95455
95463
95464
95470
95480
95511
95518
95533
95537
95543
95552
95555
95556
95557
95566
95569
95586
95591
95594
95605
95610
95613
95632
95645
95648
95653
95656
95661
95668
95670
95673
95674
95676
95680
95681
95693
95695
95696
95712
95727
95731
95737
95747
95751
95778
95788
95790
95793
95801
95818
95820
95822
95827
95836
95840
95880
95887
95888
95899
95901
95912
95963
95970
95999
96003
96032
96052
96054
96072
96074
96077
96078
96082
96091
96099
96101
96106
96109
96114
96116
96121
96122
96128
96131
96156
96186
96193
96200
96201
96217
96218
96220
96221
96238
96255
96259
96262
96271
96303
96309
96310
96320
96339
96343
96357
96370
96399
96400
96402
96409
96448
96449
96460
96476
96496
96502
96507
96517
96543
96554
96566
96579
96595
96601
96608
96614
96634
96639
96645
96659
96661
96663
96689
96699
96703
96725
96732
96746
96748
96750
96767
96783
96791
96807
96819
96862
96865
96873
96882
96891
96896
96931
96962
96966
96967
96976
96983
96996
97018
97019
97024
97049
97057
97070
97071
97073
97079
97084
97086
97096
97101
97110
97116
97132
97149
97162
97165
97166
97186
97193
97203
97210
97215
97220
97225
97253
97257
97259
97271
97278
97285
97287
97288
97290
97298
97299
97324
97339
97340
97347
97368
97387
97389
97394
97433
97437
97441
97450
97459
97464
97476
97502
97506
97525
97539
97556
97562
97578
97595
97598
97603
97604
97630
97635
97644
97646
97649
97667
97671
97681
97687
97729
97737
97740
97753
97759
97760
97761
97785
97800
97817
97819
97820
97830
97844
97883
97884
97886
97888
97891
97893
97896
97899
97907
97913
97951
97962
97964
97975
97978
97979
97998
98014
98030
98050
98076
98089
98090
98098
98110
98122
98166
98175
98190
98199
98224
98230
98237
98241
98242
98260
98271
98275
98284
98286
98294
98309
98314
98336
98351
98354
98358
98382
98404
98405
98408
98430
98431
98460
98488
98503
98509
98529
98530
98535
98542
98545
98566
98571
98582
98599
98605
98619
98628
98634
98645
98667
98675
98680
98681
98701
98711
98726
98727
98734
98738
98740
98746
98747
98753
98759
98766
98768
98776
98787
98788
98801
98813
98817
98827
98832
98843
98851
98853
98862
98863
98874
98882
98894
98897
98910
98913
98933
98947
98956
98957
98991
98996
99008
99018
99023
99028
99038
99040
99078
99108
99127
99131
99132
99135
99152
99153
99168
99190
99202
99208
99213
99216
99221
99223
99234
99236
99260
99269
99273
99275
99277
99295
99309
99312
99316
99320
99322
99371
99375
99387
99396
99407
99444
99449
99452
99461
99470
99474
99485
99496
99533
99547
99548
99566
99572
99578
99596
99599
99602
99615
99621
99627
99664
99686
99693
99709
99728
99733
99736
99760
99761
99768
99784
99787
99794
99804
99826
99850
99867
99871
99883
99890
99897
99908
99909
99925
99926
99945
99946
99956
99957
99962
99968
99983
99986
99999
